kernel line : count latency dram_traffic smem_bk_conflicts smem_warp gmem_access_generated gmem_warp exposed_latency warp_divergence
histogram.6.sm_75.ptx 522 : 64 1782 0 0 0 64 64 0 0 
histogram.6.sm_75.ptx 521 : 64 578 0 0 0 0 0 0 0 
histogram.6.sm_75.ptx 520 : 64 579 0 0 0 0 0 0 0 
histogram.6.sm_75.ptx 519 : 64 387 0 0 0 0 0 0 0 
histogram.6.sm_75.ptx 518 : 64 375 0 0 0 0 0 0 0 
histogram.6.sm_75.ptx 517 : 64 3451 0 64 64 0 0 0 0 
histogram.6.sm_75.ptx 516 : 64 1899 0 64 64 0 0 0 0 
histogram.6.sm_75.ptx 515 : 64 586 0 0 0 0 0 0 0 
histogram.6.sm_75.ptx 514 : 64 3343 0 64 64 0 0 0 0 
histogram.6.sm_75.ptx 513 : 64 3276 0 64 64 0 0 0 0 
histogram.6.sm_75.ptx 525 : 16384 85728 0 0 0 0 0 0 0 
histogram.6.sm_75.ptx 511 : 16384 86453 0 0 0 0 0 0 64 
histogram.6.sm_75.ptx 510 : 16384 99520 0 0 0 0 0 0 0 
histogram.6.sm_75.ptx 506 : 128 2870 0 64 64 0 0 0 0 
histogram.6.sm_75.ptx 505 : 128 1174 0 0 0 0 0 0 0 
histogram.6.sm_75.ptx 504 : 128 6570 0 64 64 0 0 0 0 
histogram.6.sm_75.ptx 503 : 128 6630 0 64 64 0 0 0 0 
histogram.6.sm_75.ptx 509 : 16384 84832 0 0 0 0 0 0 0 
histogram.6.sm_75.ptx 501 : 16384 84954 0 0 0 0 0 0 64 
histogram.6.sm_75.ptx 500 : 16384 102816 0 0 0 0 0 0 0 
histogram.6.sm_75.ptx 496 : 256 7096 0 64 64 0 0 0 0 
histogram.6.sm_75.ptx 495 : 256 2356 0 0 0 0 0 0 0 
histogram.6.sm_75.ptx 494 : 256 15432 0 64 64 0 0 0 0 
histogram.6.sm_75.ptx 493 : 256 15268 0 64 64 0 0 0 0 
histogram.6.sm_75.ptx 499 : 16384 87424 0 0 0 0 0 0 0 
histogram.6.sm_75.ptx 491 : 16384 85172 0 0 0 0 0 0 64 
histogram.6.sm_75.ptx 490 : 16384 100416 0 0 0 0 0 0 0 
histogram.6.sm_75.ptx 486 : 512 16496 0 64 64 0 0 0 0 
histogram.6.sm_75.ptx 485 : 512 4680 0 0 0 0 0 0 0 
histogram.6.sm_75.ptx 484 : 512 31168 0 64 64 0 0 0 0 
histogram.6.sm_75.ptx 483 : 512 32016 0 64 64 0 0 0 0 
histogram.6.sm_75.ptx 489 : 16384 86368 0 0 0 0 0 0 0 
histogram.6.sm_75.ptx 481 : 16384 83624 0 0 0 0 0 0 64 
histogram.6.sm_75.ptx 480 : 16384 102656 0 0 0 0 0 0 0 
histogram.6.sm_75.ptx 476 : 1024 38736 0 64 64 0 0 0 0 
histogram.6.sm_75.ptx 475 : 1024 9712 0 0 0 0 0 0 0 
histogram.6.sm_75.ptx 474 : 1024 63376 0 64 64 0 0 0 0 
histogram.6.sm_75.ptx 473 : 1024 64496 0 64 64 0 0 0 0 
histogram.6.sm_75.ptx 479 : 16384 87136 0 0 0 0 0 0 0 
histogram.6.sm_75.ptx 471 : 16384 84032 0 0 0 0 0 0 64 
histogram.6.sm_75.ptx 470 : 16384 106816 0 0 0 0 0 0 0 
histogram.6.sm_75.ptx 466 : 2048 88672 0 64 64 0 0 0 0 
histogram.6.sm_75.ptx 465 : 2048 19520 0 0 0 0 0 0 0 
histogram.6.sm_75.ptx 464 : 2048 145280 0 64 64 0 0 0 0 
histogram.6.sm_75.ptx 469 : 16384 89024 0 0 0 0 0 0 0 
histogram.6.sm_75.ptx 463 : 2048 141824 0 64 64 0 0 0 0 
histogram.6.sm_75.ptx 461 : 16384 76480 0 0 0 0 0 0 0 
histogram.6.sm_75.ptx 460 : 16384 112864 0 0 0 0 0 0 0 
histogram.6.sm_75.ptx 456 : 4096 195232 0 128 128 0 0 0 0 
histogram.6.sm_75.ptx 455 : 4096 40192 0 0 0 0 0 0 0 
histogram.6.sm_75.ptx 459 : 16384 99168 0 0 0 0 0 0 0 
histogram.6.sm_75.ptx 454 : 4096 289664 0 128 128 0 0 0 0 
histogram.6.sm_75.ptx 453 : 4096 304512 0 128 128 0 0 0 0 
histogram.6.sm_75.ptx 451 : 16384 70112 0 0 0 0 0 0 0 
histogram.6.sm_75.ptx 450 : 16384 120704 0 0 0 0 0 0 0 
histogram.6.sm_75.ptx 446 : 8192 479968 0 256 256 0 0 0 0 
histogram.6.sm_75.ptx 445 : 8192 77216 0 0 0 0 0 0 0 
histogram.6.sm_75.ptx 449 : 16384 105024 0 0 0 0 0 0 0 
histogram.6.sm_75.ptx 444 : 8192 642432 0 256 256 0 0 0 0 
histogram.6.sm_75.ptx 443 : 8192 701120 0 256 256 0 0 0 0 
histogram.6.sm_75.ptx 441 : 16384 48896 0 0 0 0 0 0 0 
histogram.6.sm_75.ptx 440 : 16384 116608 0 0 0 0 0 0 0 
histogram.6.sm_75.ptx 439 : 16384 122176 0 0 0 0 0 0 0 
histogram.6.sm_75.ptx 438 : 16384 1214976 0 512 512 0 0 0 0 
histogram.6.sm_75.ptx 437 : 16384 179392 0 0 0 0 0 0 0 
histogram.6.sm_75.ptx 436 : 16384 86240 0 0 0 0 0 0 0 
histogram.6.sm_75.ptx 435 : 16384 116704 0 0 0 0 0 0 0 
histogram.6.sm_75.ptx 432 : 279680 2163016 0 0 0 0 0 0 64 
histogram.6.sm_75.ptx 431 : 279680 2515096 0 0 0 0 0 0 0 
histogram.6.sm_75.ptx 430 : 279680 2559258 0 0 0 0 0 0 0 
histogram.6.sm_75.ptx 429 : 279680 2608322 0 0 0 0 0 0 0 
histogram.6.sm_75.ptx 428 : 279680 3245276 0 0 0 0 0 0 0 
histogram.6.sm_75.ptx 427 : 279680 508739570 1073280 0 0 279680 8768 0 0 
histogram.6.sm_75.ptx 426 : 279680 3458876 0 0 0 0 0 0 0 
histogram.6.sm_75.ptx 425 : 279680 2895112 0 0 0 0 0 0 0 
histogram.6.sm_75.ptx 422 : 16384 174304 0 0 0 0 0 0 0 
histogram.6.sm_75.ptx 421 : 16384 100448 0 0 0 0 0 0 0 
histogram.6.sm_75.ptx 420 : 16384 111680 0 0 0 0 0 0 0 
histogram.6.sm_75.ptx 419 : 16384 286336 0 0 0 0 0 0 0 
histogram.6.sm_75.ptx 418 : 16384 118368 0 0 0 0 0 0 0 
histogram.6.sm_75.ptx 416 : 16384 0 0 0 0 0 0 0 0 
histogram.6.sm_75.ptx 415 : 16384 116768 0 0 0 0 0 0 0 
histogram.6.sm_75.ptx 414 : 16384 129664 0 0 0 0 0 0 0 
histogram.6.sm_75.ptx 413 : 16384 219776 0 0 0 0 0 0 0 
histogram.6.sm_75.ptx 412 : 16384 2663520 0 0 0 0 0 0 0 
histogram.6.sm_75.ptx 411 : 16384 2635712 0 0 0 0 0 0 0 
histogram.6.sm_75.ptx 410 : 16384 2649408 0 0 0 0 0 0 0 
histogram.6.sm_75.ptx 394 : 279680 1641600 0 0 0 0 0 0 0 
histogram.6.sm_75.ptx 391 : 279680 10684192 0 0 0 34960 8740 0 0 
histogram.6.sm_75.ptx 390 : 279680 2772704 0 0 0 0 0 0 0 
histogram.6.sm_75.ptx 389 : 279680 2789024 0 0 0 0 0 0 0 
histogram.6.sm_75.ptx 388 : 279680 1779648 0 0 0 0 0 0 0 
histogram.6.sm_75.ptx 387 : 279680 2760000 0 0 0 0 0 0 0 
histogram.6.sm_75.ptx 386 : 279680 1769024 0 0 0 0 0 0 0 
histogram.6.sm_75.ptx 385 : 279680 2745568 0 0 0 0 0 0 0 
histogram.6.sm_75.ptx 384 : 279680 2728384 0 0 0 0 0 0 0 
histogram.6.sm_75.ptx 383 : 279680 2701216 0 0 0 0 0 0 0 
histogram.6.sm_75.ptx 382 : 279680 2693280 0 0 0 0 0 0 0 
histogram.6.sm_75.ptx 381 : 279680 17177408 0 17480 8740 0 0 0 0 
histogram.6.sm_75.ptx 380 : 279680 17145376 0 17480 8740 0 0 0 0 
histogram.6.sm_75.ptx 379 : 279680 17092768 0 17480 8740 0 0 0 0 
histogram.6.sm_75.ptx 378 : 279680 16898144 0 17480 8740 0 0 0 0 
histogram.6.sm_75.ptx 377 : 279680 2767552 0 0 0 0 0 0 0 
histogram.6.sm_75.ptx 376 : 279680 2782944 0 0 0 0 0 0 0 
histogram.6.sm_75.ptx 375 : 279680 1932192 0 0 0 0 0 0 0 
histogram.6.sm_75.ptx 374 : 279680 2608800 0 0 0 0 0 0 0 
histogram.6.sm_75.ptx 373 : 279680 2741376 0 0 0 0 0 0 0 
histogram.6.sm_75.ptx 197 : 279680 2660288 0 0 0 0 0 0 0 
histogram.6.sm_75.ptx 196 : 279680 1856416 0 0 0 0 0 0 0 
histogram.6.sm_75.ptx 194 : 279680 0 0 0 0 0 0 0 0 
histogram.6.sm_75.ptx 193 : 279680 1871936 0 0 0 0 0 0 0 
histogram.6.sm_75.ptx 192 : 279680 1619008 0 0 0 0 0 0 0 
histogram.6.sm_75.ptx 189 : 4194304 22412896 0 0 0 0 0 0 0 
histogram.6.sm_75.ptx 188 : 4194304 28457536 0 0 0 0 0 0 0 
histogram.6.sm_75.ptx 187 : 4194304 41170592 0 0 0 0 0 0 0 
histogram.6.sm_75.ptx 186 : 4194304 151108576 0 262143 131072 0 0 0 0 
histogram.6.sm_75.ptx 185 : 4194304 40737024 0 0 0 0 0 0 0 
histogram.6.sm_75.ptx 184 : 4194304 257068832 0 262143 131072 0 0 0 0 
histogram.6.sm_75.ptx 183 : 4194304 40858848 0 0 0 0 0 0 0 
histogram.6.sm_75.ptx 182 : 4194304 40652224 0 0 0 0 0 0 0 
histogram.6.sm_75.ptx 181 : 4194304 28071328 0 0 0 0 0 0 0 
histogram.6.sm_75.ptx 180 : 4194304 29466880 0 0 0 0 0 0 0 
histogram.6.sm_75.ptx 179 : 4194304 149580640 0 262136 131072 0 0 0 0 
histogram.6.sm_75.ptx 178 : 4194304 40752736 0 0 0 0 0 0 0 
histogram.6.sm_75.ptx 177 : 4194304 257211264 0 262136 131072 0 0 0 0 
histogram.6.sm_75.ptx 176 : 4194304 40904608 0 0 0 0 0 0 0 
histogram.6.sm_75.ptx 175 : 4194304 40860064 0 0 0 0 0 0 0 
histogram.6.sm_75.ptx 174 : 4194304 28026592 0 0 0 0 0 0 0 
histogram.6.sm_75.ptx 173 : 4194304 28604352 0 0 0 0 0 0 0 
histogram.6.sm_75.ptx 172 : 4194304 148998304 0 262139 131072 0 0 0 0 
histogram.6.sm_75.ptx 171 : 4194304 40768832 0 0 0 0 0 0 0 
histogram.6.sm_75.ptx 170 : 4194304 256846720 0 262139 131072 0 0 0 0 
histogram.6.sm_75.ptx 169 : 4194304 40836768 0 0 0 0 0 0 0 
histogram.6.sm_75.ptx 168 : 4194304 40598208 0 0 0 0 0 0 0 
histogram.6.sm_75.ptx 167 : 4194304 28050368 0 0 0 0 0 0 0 
histogram.6.sm_75.ptx 166 : 4194304 29341824 0 0 0 0 0 0 0 
histogram.6.sm_75.ptx 165 : 4194304 149703072 0 262142 131072 0 0 0 0 
histogram.6.sm_75.ptx 164 : 4194304 40727136 0 0 0 0 0 0 0 
histogram.6.sm_75.ptx 163 : 4194304 256499616 0 262142 131072 0 0 0 0 
histogram.6.sm_75.ptx 162 : 4194304 40866112 0 0 0 0 0 0 0 
histogram.6.sm_75.ptx 161 : 4194304 40809472 0 0 0 0 0 0 0 
histogram.6.sm_75.ptx 160 : 4194304 28002144 0 0 0 0 0 0 0 
histogram.6.sm_75.ptx 159 : 4194304 28553248 0 0 0 0 0 0 0 
histogram.6.sm_75.ptx 158 : 4194304 148325152 0 262142 131072 0 0 0 0 
histogram.6.sm_75.ptx 157 : 4194304 40773696 0 0 0 0 0 0 0 
histogram.6.sm_75.ptx 156 : 4194304 256084384 0 262142 131072 0 0 0 0 
histogram.6.sm_75.ptx 155 : 4194304 40811616 0 0 0 0 0 0 0 
histogram.6.sm_75.ptx 154 : 4194304 40583840 0 0 0 0 0 0 0 
histogram.6.sm_75.ptx 153 : 4194304 28005920 0 0 0 0 0 0 0 
histogram.6.sm_75.ptx 152 : 4194304 29345120 0 0 0 0 0 0 0 
histogram.6.sm_75.ptx 151 : 4194304 148853792 0 262141 131072 0 0 0 0 
histogram.6.sm_75.ptx 150 : 4194304 40693568 0 0 0 0 0 0 0 
histogram.6.sm_75.ptx 149 : 4194304 256124896 0 262141 131072 0 0 0 0 
histogram.6.sm_75.ptx 148 : 4194304 40846624 0 0 0 0 0 0 0 
histogram.6.sm_75.ptx 147 : 4194304 40731168 0 0 0 0 0 0 0 
histogram.6.sm_75.ptx 146 : 4194304 27990720 0 0 0 0 0 0 0 
histogram.6.sm_75.ptx 145 : 4194304 28561472 0 0 0 0 0 0 0 
histogram.6.sm_75.ptx 144 : 4194304 148030272 0 262142 131072 0 0 0 0 
histogram.6.sm_75.ptx 143 : 4194304 40699904 0 0 0 0 0 0 0 
histogram.6.sm_75.ptx 142 : 4194304 255548576 0 262142 131072 0 0 0 0 
histogram.6.sm_75.ptx 141 : 4194304 40789984 0 0 0 0 0 0 0 
histogram.6.sm_75.ptx 140 : 4194304 40580896 0 0 0 0 0 0 0 
histogram.6.sm_75.ptx 139 : 4194304 27952768 0 0 0 0 0 0 0 
histogram.6.sm_75.ptx 138 : 4194304 29334912 0 0 0 0 0 0 0 
histogram.6.sm_75.ptx 137 : 4194304 147689984 0 262139 131072 0 0 0 0 
histogram.6.sm_75.ptx 136 : 4194304 40665408 0 0 0 0 0 0 0 
histogram.6.sm_75.ptx 135 : 4194304 255107520 0 262139 131072 0 0 0 0 
histogram.6.sm_75.ptx 134 : 4194304 40821568 0 0 0 0 0 0 0 
histogram.6.sm_75.ptx 133 : 4194304 40724960 0 0 0 0 0 0 0 
histogram.6.sm_75.ptx 132 : 4194304 27965152 0 0 0 0 0 0 0 
histogram.6.sm_75.ptx 131 : 4194304 28495360 0 0 0 0 0 0 0 
histogram.6.sm_75.ptx 130 : 4194304 147219424 0 262144 131072 0 0 0 0 
histogram.6.sm_75.ptx 129 : 4194304 40701376 0 0 0 0 0 0 0 
histogram.6.sm_75.ptx 128 : 4194304 254876256 0 262144 131072 0 0 0 0 
histogram.6.sm_75.ptx 127 : 4194304 40791680 0 0 0 0 0 0 0 
histogram.6.sm_75.ptx 126 : 4194304 40568640 0 0 0 0 0 0 0 
histogram.6.sm_75.ptx 125 : 4194304 27932064 0 0 0 0 0 0 0 
histogram.6.sm_75.ptx 124 : 4194304 29276768 0 0 0 0 0 0 0 
histogram.6.sm_75.ptx 123 : 4194304 147459616 0 262137 131072 0 0 0 0 
histogram.6.sm_75.ptx 122 : 4194304 40651520 0 0 0 0 0 0 0 
histogram.6.sm_75.ptx 121 : 4194304 254551072 0 262137 131072 0 0 0 0 
histogram.6.sm_75.ptx 120 : 4194304 40834688 0 0 0 0 0 0 0 
histogram.6.sm_75.ptx 119 : 4194304 40716608 0 0 0 0 0 0 0 
histogram.6.sm_75.ptx 118 : 4194304 27982528 0 0 0 0 0 0 0 
histogram.6.sm_75.ptx 117 : 4194304 28492992 0 0 0 0 0 0 0 
histogram.6.sm_75.ptx 116 : 4194304 147120256 0 262143 131072 0 0 0 0 
histogram.6.sm_75.ptx 115 : 4194304 40643680 0 0 0 0 0 0 0 
histogram.6.sm_75.ptx 114 : 4194304 254631552 0 262143 131072 0 0 0 0 
histogram.6.sm_75.ptx 113 : 4194304 40804800 0 0 0 0 0 0 0 
histogram.6.sm_75.ptx 112 : 4194304 40574848 0 0 0 0 0 0 0 
histogram.6.sm_75.ptx 67 : 279680 1542976 0 0 0 0 0 0 0 
histogram.6.sm_75.ptx 66 : 279680 1841728 0 0 0 0 0 0 0 
histogram.6.sm_75.ptx 65 : 279680 1839264 0 0 0 0 0 0 0 
histogram.6.sm_75.ptx 64 : 279680 1785472 0 0 0 0 0 0 0 
histogram.6.sm_75.ptx 63 : 279680 1846272 0 0 0 0 0 0 0 
histogram.6.sm_75.ptx 61 : 279680 0 0 0 0 0 0 0 0 
histogram.6.sm_75.ptx 60 : 279680 1864288 0 0 0 0 0 0 0 
histogram.6.sm_75.ptx 59 : 279680 2940384 0 0 0 0 0 0 0 
histogram.6.sm_75.ptx 58 : 279680 1628864 0 0 0 0 0 0 0 
histogram.6.sm_75.ptx 57 : 279680 1602368 0 0 0 0 0 0 0 
histogram.6.sm_75.ptx 56 : 279680 1539136 0 0 0 0 0 0 0 
histogram.6.sm_75.ptx 55 : 279680 1961536 0 0 0 0 0 0 0 
histogram.6.sm_75.ptx 54 : 279680 9935872 0 8740 8740 0 0 0 0 
histogram.6.sm_75.ptx 53 : 279680 9618368 0 8740 8740 0 0 0 0 
histogram.6.sm_75.ptx 52 : 279680 9565920 0 8740 8740 0 0 0 0 
histogram.6.sm_75.ptx 51 : 279680 9555072 0 8740 8740 0 0 0 0 
histogram.6.sm_75.ptx 50 : 279680 9619008 0 8740 8740 0 0 0 0 
histogram.6.sm_75.ptx 49 : 279680 9590752 0 8740 8740 0 0 0 0 
histogram.6.sm_75.ptx 48 : 279680 9552672 0 8740 8740 0 0 0 0 
histogram.6.sm_75.ptx 47 : 279680 9433952 0 8740 8740 0 0 0 0 
histogram.6.sm_75.ptx 36 : 279680 1517664 0 0 0 0 0 0 0 
histogram.6.sm_75.ptx 202 : 279680 17024928 0 17480 8740 0 0 0 0 
histogram.6.sm_75.ptx 35 : 279680 1852928 0 0 0 0 0 0 0 
histogram.6.sm_75.ptx 372 : 279680 2728832 0 0 0 0 0 0 0 
histogram.6.sm_75.ptx 201 : 279680 16860640 0 17480 8740 0 0 0 0 
histogram.6.sm_75.ptx 34 : 279680 1645248 0 0 0 0 0 0 0 
histogram.6.sm_75.ptx 371 : 279680 2698880 0 0 0 0 0 0 0 
histogram.6.sm_75.ptx 200 : 279680 16494752 0 17480 8740 0 0 0 0 
histogram.6.sm_75.ptx 33 : 279680 10006080 0 0 0 0 0 0 0 
histogram.6.sm_75.ptx 370 : 279680 2696512 0 0 0 0 0 0 0 
histogram.6.sm_75.ptx 198 : 279680 2698944 0 0 0 0 0 0 0 
histogram.6.sm_75.ptx 31 : 279680 9938272 0 0 0 0 0 0 0 
histogram.6.sm_75.ptx 368 : 279680 17079648 0 17480 8740 0 0 0 0 
histogram.6.sm_75.ptx 110 : 4194304 29280768 0 0 0 0 0 0 0 
histogram.6.sm_75.ptx 199 : 279680 16248928 0 17480 8740 0 0 0 0 
histogram.6.sm_75.ptx 32 : 279680 10040032 0 0 0 0 0 0 0 
histogram.6.sm_75.ptx 369 : 279680 17159680 0 17480 8740 0 0 0 0 
histogram.6.sm_75.ptx 111 : 4194304 27919424 0 0 0 0 0 0 0 
histogram.6.sm_75.ptx 37 : 279680 2695520 0 0 0 0 0 0 0 
histogram.6.sm_75.ptx 38 : 279680 1498816 0 0 0 0 0 0 0 
histogram.6.sm_75.ptx 39 : 279680 9870560 0 8740 8740 0 0 0 0 
histogram.6.sm_75.ptx 40 : 279680 9847744 0 8740 8740 0 0 0 0 
histogram.6.sm_75.ptx 41 : 279680 9817760 0 8740 8740 0 0 0 0 
histogram.6.sm_75.ptx 42 : 279680 9782240 0 8740 8740 0 0 0 0 
histogram.6.sm_75.ptx 43 : 279680 9588064 0 8740 8740 0 0 0 0 
histogram.6.sm_75.ptx 44 : 279680 9593120 0 8740 8740 0 0 0 0 
histogram.6.sm_75.ptx 45 : 279680 9545952 0 8740 8740 0 0 0 0 
histogram.6.sm_75.ptx 46 : 279680 9588576 0 8740 8740 0 0 0 0 
histogram.6.sm_75.ptx 68 : 279680 2654752 0 0 0 0 0 0 0 
histogram.6.sm_75.ptx 69 : 279680 1761792 0 0 0 0 0 0 0 
histogram.6.sm_75.ptx 72 : 4194304 40720544 0 0 0 0 0 0 0 
histogram.6.sm_75.ptx 73 : 4194304 40825632 0 0 0 0 0 0 0 
histogram.6.sm_75.ptx 74 : 4194304 1363917088 67108352 0 0 2097152 131072 0 0 
histogram.6.sm_75.ptx 75 : 4194304 28116736 0 0 0 0 0 0 0 
histogram.6.sm_75.ptx 76 : 4194304 28158176 0 0 0 0 0 0 0 
histogram.6.sm_75.ptx 77 : 4194304 40699136 0 0 0 0 0 0 0 
histogram.6.sm_75.ptx 78 : 4194304 41154176 0 0 0 0 0 0 0 
histogram.6.sm_75.ptx 79 : 4194304 257903296 0 262140 131072 0 0 0 0 
histogram.6.sm_75.ptx 80 : 4194304 40475232 0 0 0 0 0 0 0 
histogram.6.sm_75.ptx 81 : 4194304 149853632 0 262140 131072 0 0 0 0 
histogram.6.sm_75.ptx 82 : 4194304 29397536 0 0 0 0 0 0 0 
histogram.6.sm_75.ptx 83 : 4194304 28057920 0 0 0 0 0 0 0 
histogram.6.sm_75.ptx 84 : 4194304 40726720 0 0 0 0 0 0 0 
histogram.6.sm_75.ptx 85 : 4194304 40999520 0 0 0 0 0 0 0 
histogram.6.sm_75.ptx 86 : 4194304 257402944 0 262143 131072 0 0 0 0 
histogram.6.sm_75.ptx 87 : 4194304 40665312 0 0 0 0 0 0 0 
histogram.6.sm_75.ptx 88 : 4194304 148570624 0 262143 131072 0 0 0 0 
histogram.6.sm_75.ptx 89 : 4194304 28546496 0 0 0 0 0 0 0 
histogram.6.sm_75.ptx 90 : 4194304 28023520 0 0 0 0 0 0 0 
histogram.6.sm_75.ptx 91 : 4194304 40829792 0 0 0 0 0 0 0 
histogram.6.sm_75.ptx 92 : 4194304 40886784 0 0 0 0 0 0 0 
histogram.6.sm_75.ptx 93 : 4194304 256557440 0 262141 131072 0 0 0 0 
histogram.6.sm_75.ptx 94 : 4194304 40624544 0 0 0 0 0 0 0 
histogram.6.sm_75.ptx 95 : 4194304 148822368 0 262141 131072 0 0 0 0 
histogram.6.sm_75.ptx 96 : 4194304 29335744 0 0 0 0 0 0 0 
histogram.6.sm_75.ptx 97 : 4194304 28027008 0 0 0 0 0 0 0 
histogram.6.sm_75.ptx 98 : 4194304 40608704 0 0 0 0 0 0 0 
histogram.6.sm_75.ptx 99 : 4194304 40803008 0 0 0 0 0 0 0 
histogram.6.sm_75.ptx 100 : 4194304 255648320 0 262141 131072 0 0 0 0 
histogram.6.sm_75.ptx 101 : 4194304 40649088 0 0 0 0 0 0 0 
histogram.6.sm_75.ptx 102 : 4194304 147979392 0 262141 131072 0 0 0 0 
histogram.6.sm_75.ptx 103 : 4194304 28516192 0 0 0 0 0 0 0 
histogram.6.sm_75.ptx 104 : 4194304 28008640 0 0 0 0 0 0 0 
histogram.6.sm_75.ptx 105 : 4194304 40761696 0 0 0 0 0 0 0 
histogram.6.sm_75.ptx 106 : 4194304 40781920 0 0 0 0 0 0 0 
histogram.6.sm_75.ptx 107 : 4194304 254961184 0 262139 131072 0 0 0 0 
histogram.6.sm_75.ptx 108 : 4194304 40566624 0 0 0 0 0 0 0 
histogram.6.sm_75.ptx 109 : 4194304 148074144 0 262139 131072 0 0 0 0 
histogram.6.sm_75.ptx 203 : 279680 2680544 0 0 0 0 0 0 0 
histogram.6.sm_75.ptx 204 : 279680 2704544 0 0 0 0 0 0 0 
histogram.6.sm_75.ptx 205 : 279680 2714880 0 0 0 0 0 0 0 
histogram.6.sm_75.ptx 206 : 279680 2608480 0 0 0 0 0 0 0 
histogram.6.sm_75.ptx 207 : 279680 1893568 0 0 0 0 0 0 0 
histogram.6.sm_75.ptx 208 : 279680 2762016 0 0 0 0 0 0 0 
histogram.6.sm_75.ptx 209 : 279680 2735968 0 0 0 0 0 0 0 
histogram.6.sm_75.ptx 210 : 279680 16274624 0 17480 8740 0 0 0 0 
histogram.6.sm_75.ptx 211 : 279680 16449504 0 17480 8740 0 0 0 0 
histogram.6.sm_75.ptx 212 : 279680 16742944 0 17480 8740 0 0 0 0 
histogram.6.sm_75.ptx 213 : 279680 16964256 0 17480 8740 0 0 0 0 
histogram.6.sm_75.ptx 214 : 279680 2664480 0 0 0 0 0 0 0 
histogram.6.sm_75.ptx 215 : 279680 2675328 0 0 0 0 0 0 0 
histogram.6.sm_75.ptx 216 : 279680 2702432 0 0 0 0 0 0 0 
histogram.6.sm_75.ptx 217 : 279680 2719648 0 0 0 0 0 0 0 
histogram.6.sm_75.ptx 218 : 279680 2611488 0 0 0 0 0 0 0 
histogram.6.sm_75.ptx 219 : 279680 1907360 0 0 0 0 0 0 0 
histogram.6.sm_75.ptx 220 : 279680 2767936 0 0 0 0 0 0 0 
histogram.6.sm_75.ptx 221 : 279680 2735264 0 0 0 0 0 0 0 
histogram.6.sm_75.ptx 222 : 279680 16276672 0 17480 8740 0 0 0 0 
histogram.6.sm_75.ptx 223 : 279680 16461216 0 17480 8740 0 0 0 0 
histogram.6.sm_75.ptx 224 : 279680 16744736 0 17480 8740 0 0 0 0 
histogram.6.sm_75.ptx 225 : 279680 16971648 0 17480 8740 0 0 0 0 
histogram.6.sm_75.ptx 226 : 279680 2679232 0 0 0 0 0 0 0 
histogram.6.sm_75.ptx 227 : 279680 2679168 0 0 0 0 0 0 0 
histogram.6.sm_75.ptx 228 : 279680 2704640 0 0 0 0 0 0 0 
histogram.6.sm_75.ptx 229 : 279680 2738048 0 0 0 0 0 0 0 
histogram.6.sm_75.ptx 230 : 279680 2610304 0 0 0 0 0 0 0 
histogram.6.sm_75.ptx 231 : 279680 1922944 0 0 0 0 0 0 0 
histogram.6.sm_75.ptx 232 : 279680 2761472 0 0 0 0 0 0 0 
histogram.6.sm_75.ptx 233 : 279680 2743648 0 0 0 0 0 0 0 
histogram.6.sm_75.ptx 234 : 279680 16358176 0 17480 8740 0 0 0 0 
histogram.6.sm_75.ptx 235 : 279680 16523456 0 17480 8740 0 0 0 0 
histogram.6.sm_75.ptx 236 : 279680 16669600 0 17480 8740 0 0 0 0 
histogram.6.sm_75.ptx 237 : 279680 16925184 0 17480 8740 0 0 0 0 
histogram.6.sm_75.ptx 238 : 279680 2669952 0 0 0 0 0 0 0 
histogram.6.sm_75.ptx 239 : 279680 2677952 0 0 0 0 0 0 0 
histogram.6.sm_75.ptx 240 : 279680 2706592 0 0 0 0 0 0 0 
histogram.6.sm_75.ptx 241 : 279680 2726976 0 0 0 0 0 0 0 
histogram.6.sm_75.ptx 242 : 279680 2606848 0 0 0 0 0 0 0 
histogram.6.sm_75.ptx 243 : 279680 1932672 0 0 0 0 0 0 0 
histogram.6.sm_75.ptx 244 : 279680 2775168 0 0 0 0 0 0 0 
histogram.6.sm_75.ptx 245 : 279680 2749472 0 0 0 0 0 0 0 
histogram.6.sm_75.ptx 246 : 279680 16462848 0 17480 8740 0 0 0 0 
histogram.6.sm_75.ptx 247 : 279680 16603200 0 17480 8740 0 0 0 0 
histogram.6.sm_75.ptx 248 : 279680 16789216 0 17480 8740 0 0 0 0 
histogram.6.sm_75.ptx 249 : 279680 16933312 0 17480 8740 0 0 0 0 
histogram.6.sm_75.ptx 250 : 279680 2680960 0 0 0 0 0 0 0 
histogram.6.sm_75.ptx 251 : 279680 2684736 0 0 0 0 0 0 0 
histogram.6.sm_75.ptx 252 : 279680 2702784 0 0 0 0 0 0 0 
histogram.6.sm_75.ptx 253 : 279680 2743936 0 0 0 0 0 0 0 
histogram.6.sm_75.ptx 254 : 279680 2607840 0 0 0 0 0 0 0 
histogram.6.sm_75.ptx 255 : 279680 1911104 0 0 0 0 0 0 0 
histogram.6.sm_75.ptx 256 : 279680 2790272 0 0 0 0 0 0 0 
histogram.6.sm_75.ptx 257 : 279680 2759744 0 0 0 0 0 0 0 
histogram.6.sm_75.ptx 258 : 279680 16599744 0 17480 8740 0 0 0 0 
histogram.6.sm_75.ptx 259 : 279680 16745216 0 17480 8740 0 0 0 0 
histogram.6.sm_75.ptx 260 : 279680 16842208 0 17480 8740 0 0 0 0 
histogram.6.sm_75.ptx 261 : 279680 17053856 0 17480 8740 0 0 0 0 
histogram.6.sm_75.ptx 262 : 279680 2688608 0 0 0 0 0 0 0 
histogram.6.sm_75.ptx 263 : 279680 2688896 0 0 0 0 0 0 0 
histogram.6.sm_75.ptx 264 : 279680 2713408 0 0 0 0 0 0 0 
histogram.6.sm_75.ptx 265 : 279680 2747168 0 0 0 0 0 0 0 
histogram.6.sm_75.ptx 266 : 279680 2607936 0 0 0 0 0 0 0 
histogram.6.sm_75.ptx 267 : 279680 1935744 0 0 0 0 0 0 0 
histogram.6.sm_75.ptx 268 : 279680 2784448 0 0 0 0 0 0 0 
histogram.6.sm_75.ptx 269 : 279680 2772768 0 0 0 0 0 0 0 
histogram.6.sm_75.ptx 270 : 279680 16723264 0 17480 8740 0 0 0 0 
histogram.6.sm_75.ptx 271 : 279680 16841248 0 17480 8740 0 0 0 0 
histogram.6.sm_75.ptx 272 : 279680 16926944 0 17480 8740 0 0 0 0 
histogram.6.sm_75.ptx 273 : 279680 17092416 0 17480 8740 0 0 0 0 
histogram.6.sm_75.ptx 274 : 279680 2685600 0 0 0 0 0 0 0 
histogram.6.sm_75.ptx 275 : 279680 2691712 0 0 0 0 0 0 0 
histogram.6.sm_75.ptx 276 : 279680 2711904 0 0 0 0 0 0 0 
histogram.6.sm_75.ptx 277 : 279680 2736224 0 0 0 0 0 0 0 
histogram.6.sm_75.ptx 278 : 279680 2610240 0 0 0 0 0 0 0 
histogram.6.sm_75.ptx 279 : 279680 1931040 0 0 0 0 0 0 0 
histogram.6.sm_75.ptx 280 : 279680 2786592 0 0 0 0 0 0 0 
histogram.6.sm_75.ptx 281 : 279680 2767392 0 0 0 0 0 0 0 
histogram.6.sm_75.ptx 282 : 279680 16700608 0 17480 8740 0 0 0 0 
histogram.6.sm_75.ptx 283 : 279680 16777728 0 17480 8740 0 0 0 0 
histogram.6.sm_75.ptx 284 : 279680 16937536 0 17480 8740 0 0 0 0 
histogram.6.sm_75.ptx 285 : 279680 17090400 0 17480 8740 0 0 0 0 
histogram.6.sm_75.ptx 286 : 279680 2697440 0 0 0 0 0 0 0 
histogram.6.sm_75.ptx 287 : 279680 2702688 0 0 0 0 0 0 0 
histogram.6.sm_75.ptx 288 : 279680 2720192 0 0 0 0 0 0 0 
histogram.6.sm_75.ptx 289 : 279680 2738400 0 0 0 0 0 0 0 
histogram.6.sm_75.ptx 290 : 279680 2607456 0 0 0 0 0 0 0 
histogram.6.sm_75.ptx 291 : 279680 1925696 0 0 0 0 0 0 0 
histogram.6.sm_75.ptx 292 : 279680 2777408 0 0 0 0 0 0 0 
histogram.6.sm_75.ptx 293 : 279680 2783040 0 0 0 0 0 0 0 
histogram.6.sm_75.ptx 294 : 279680 16805280 0 17480 8740 0 0 0 0 
histogram.6.sm_75.ptx 295 : 279680 16859552 0 17480 8740 0 0 0 0 
histogram.6.sm_75.ptx 296 : 279680 17033312 0 17480 8740 0 0 0 0 
histogram.6.sm_75.ptx 297 : 279680 17111616 0 17480 8740 0 0 0 0 
histogram.6.sm_75.ptx 298 : 279680 2693312 0 0 0 0 0 0 0 
histogram.6.sm_75.ptx 299 : 279680 2694496 0 0 0 0 0 0 0 
histogram.6.sm_75.ptx 300 : 279680 2723040 0 0 0 0 0 0 0 
histogram.6.sm_75.ptx 301 : 279680 2740288 0 0 0 0 0 0 0 
histogram.6.sm_75.ptx 302 : 279680 2605664 0 0 0 0 0 0 0 
histogram.6.sm_75.ptx 303 : 279680 1930816 0 0 0 0 0 0 0 
histogram.6.sm_75.ptx 304 : 279680 2781696 0 0 0 0 0 0 0 
histogram.6.sm_75.ptx 305 : 279680 2783296 0 0 0 0 0 0 0 
histogram.6.sm_75.ptx 306 : 279680 16846336 0 17480 8740 0 0 0 0 
histogram.6.sm_75.ptx 307 : 279680 16909984 0 17480 8740 0 0 0 0 
histogram.6.sm_75.ptx 308 : 279680 17069152 0 17480 8740 0 0 0 0 
histogram.6.sm_75.ptx 309 : 279680 17159680 0 17480 8740 0 0 0 0 
histogram.6.sm_75.ptx 310 : 279680 2693280 0 0 0 0 0 0 0 
histogram.6.sm_75.ptx 311 : 279680 2690592 0 0 0 0 0 0 0 
histogram.6.sm_75.ptx 312 : 279680 2711040 0 0 0 0 0 0 0 
histogram.6.sm_75.ptx 313 : 279680 2750400 0 0 0 0 0 0 0 
histogram.6.sm_75.ptx 314 : 279680 2608416 0 0 0 0 0 0 0 
histogram.6.sm_75.ptx 315 : 279680 1930752 0 0 0 0 0 0 0 
histogram.6.sm_75.ptx 316 : 279680 2787072 0 0 0 0 0 0 0 
histogram.6.sm_75.ptx 317 : 279680 2773024 0 0 0 0 0 0 0 
histogram.6.sm_75.ptx 318 : 279680 16896448 0 17480 8740 0 0 0 0 
histogram.6.sm_75.ptx 319 : 279680 17023616 0 17480 8740 0 0 0 0 
histogram.6.sm_75.ptx 320 : 279680 17071168 0 17480 8740 0 0 0 0 
histogram.6.sm_75.ptx 321 : 279680 17175648 0 17480 8740 0 0 0 0 
histogram.6.sm_75.ptx 322 : 279680 2689568 0 0 0 0 0 0 0 
histogram.6.sm_75.ptx 323 : 279680 2704736 0 0 0 0 0 0 0 
histogram.6.sm_75.ptx 324 : 279680 2717312 0 0 0 0 0 0 0 
histogram.6.sm_75.ptx 325 : 279680 2737216 0 0 0 0 0 0 0 
histogram.6.sm_75.ptx 326 : 279680 2608000 0 0 0 0 0 0 0 
histogram.6.sm_75.ptx 327 : 279680 1934496 0 0 0 0 0 0 0 
histogram.6.sm_75.ptx 328 : 279680 2775264 0 0 0 0 0 0 0 
histogram.6.sm_75.ptx 329 : 279680 2787104 0 0 0 0 0 0 0 
histogram.6.sm_75.ptx 330 : 279680 16894656 0 17480 8740 0 0 0 0 
histogram.6.sm_75.ptx 331 : 279680 17049216 0 17480 8740 0 0 0 0 
histogram.6.sm_75.ptx 332 : 279680 17029344 0 17480 8740 0 0 0 0 
histogram.6.sm_75.ptx 333 : 279680 17107008 0 17480 8740 0 0 0 0 
histogram.6.sm_75.ptx 334 : 279680 2693792 0 0 0 0 0 0 0 
histogram.6.sm_75.ptx 335 : 279680 2702176 0 0 0 0 0 0 0 
histogram.6.sm_75.ptx 336 : 279680 2726208 0 0 0 0 0 0 0 
histogram.6.sm_75.ptx 337 : 279680 2740896 0 0 0 0 0 0 0 
histogram.6.sm_75.ptx 338 : 279680 2609536 0 0 0 0 0 0 0 
histogram.6.sm_75.ptx 339 : 279680 1920256 0 0 0 0 0 0 0 
histogram.6.sm_75.ptx 340 : 279680 2779040 0 0 0 0 0 0 0 
histogram.6.sm_75.ptx 341 : 279680 2775904 0 0 0 0 0 0 0 
histogram.6.sm_75.ptx 342 : 279680 16957920 0 17480 8740 0 0 0 0 
histogram.6.sm_75.ptx 343 : 279680 17075776 0 17480 8740 0 0 0 0 
histogram.6.sm_75.ptx 344 : 279680 17173184 0 17480 8740 0 0 0 0 
histogram.6.sm_75.ptx 345 : 279680 17219552 0 17480 8740 0 0 0 0 
histogram.6.sm_75.ptx 346 : 279680 2692480 0 0 0 0 0 0 0 
histogram.6.sm_75.ptx 347 : 279680 2706016 0 0 0 0 0 0 0 
histogram.6.sm_75.ptx 348 : 279680 2729312 0 0 0 0 0 0 0 
histogram.6.sm_75.ptx 349 : 279680 2741728 0 0 0 0 0 0 0 
histogram.6.sm_75.ptx 350 : 279680 2608960 0 0 0 0 0 0 0 
histogram.6.sm_75.ptx 351 : 279680 1926688 0 0 0 0 0 0 0 
histogram.6.sm_75.ptx 352 : 279680 2780992 0 0 0 0 0 0 0 
histogram.6.sm_75.ptx 353 : 279680 2775648 0 0 0 0 0 0 0 
histogram.6.sm_75.ptx 354 : 279680 16889504 0 17480 8740 0 0 0 0 
histogram.6.sm_75.ptx 355 : 279680 17031296 0 17480 8740 0 0 0 0 
histogram.6.sm_75.ptx 356 : 279680 17123072 0 17480 8740 0 0 0 0 
histogram.6.sm_75.ptx 357 : 279680 17153824 0 17480 8740 0 0 0 0 
histogram.6.sm_75.ptx 358 : 279680 2701056 0 0 0 0 0 0 0 
histogram.6.sm_75.ptx 359 : 279680 2702496 0 0 0 0 0 0 0 
histogram.6.sm_75.ptx 360 : 279680 2722432 0 0 0 0 0 0 0 
histogram.6.sm_75.ptx 361 : 279680 2748416 0 0 0 0 0 0 0 
histogram.6.sm_75.ptx 362 : 279680 2608096 0 0 0 0 0 0 0 
histogram.6.sm_75.ptx 363 : 279680 1926784 0 0 0 0 0 0 0 
histogram.6.sm_75.ptx 364 : 279680 2781344 0 0 0 0 0 0 0 
histogram.6.sm_75.ptx 365 : 279680 2766176 0 0 0 0 0 0 0 
histogram.6.sm_75.ptx 366 : 279680 16895648 0 17480 8740 0 0 0 0 
histogram.6.sm_75.ptx 367 : 279680 16987968 0 17480 8740 0 0 0 0 
